106.5479
105.5653
106.8925
106.1139
106.5047
106.5329
106.622
106.3951
106.4158
106.5449
106.5299
106.1765
106.6424
106.8569
107.1388
106.4668
106.1246
106.3185
106.4101
106.4085
106.7999
106.5231
106.2171
106.8513
106.0931
106.4373
105.5624
106.4087
106.7114
106.7353
106.3596
106.3838
106.2257
106.6365
106.5478
106.576
106.4758
106.3669
106.2108
106.6798
106.2788
106.6123
107.0319
106.3114
106.4449
106.3481
106.1604
106.5412
106.3555
105.6383
106.6597
106.4923
106.347
106.7431
106.7064
106.9851
106.329
106.4949
106.2502
106.8632
106.5737
106.458
106.657
106.4572
106.4375
106.6872
106.369
106.4277
106.4407
106.2968
106.5586
106.7149
106.5226
106.3627
106.3774
106.6253
106.2177
106.5267
106.6534
105.9973
106.8185
106.632
105.9539
106.4484
105.7654
106.5115
106.7412
106.4431
106.2666
106.5335
106.5684
106.5272
106.5209
106.801
106.5342
106.6173
107.0207
106.4348
106.9169
106.4086
106.4478
106.6184
107.1017
106.7532
106.383
106.5551
106.5231
106.5821
106.5665
106.476
106.8305
106.1512
106.3704
106.2992
106.3343
106.4704
106.4036
106.6476
106.6533
106.6097
106.854
106.5344
106.1884
106.9803
105.0023
107.9129
106.0973
103.7488
102.7588
105.0829
104.4734
104.9241
104.9498
104.8566
104.7204
104.6022
103.8076
104.128
103.7348
103.3323
104.1406
103.0693
103.1856
103.5645
104.4714
104.1994
103.8362
89.13074
104.859
103.7078
103.7702
101.2755
98.63901
98.45468
98.01244
97.98033
99.90476
97.12797
96.00128
93.05072
93.61675
94.73214
94.92753
92.99119
91.21328
89.74731
90.67031
90.30584
88.88142
88.10997
88.83875
86.66934
86.75434
85.96786
84.69389
84.07215
83.25869
83.2932
84.91475
84.18758
81.76132
81.34881
81.10142
79.98469
79.24582
79.7044
78.80056
79.56553
76.70366
76.96582
76.58231
77.62882
73.90276
73.62908
75.3944
73.77019
73.94231
72.96101
70.49377
71.80666
71.73304
71.90708
70.94319
70.83499
70.05653
70.13538
69.92706
68.25798
71.20142
69.26152
68.53317
69.33213
68.68709
68.54489
69.81059
69.07302
68.86228
68.05676
69.40231
68.48777
68.86945
68.13786
69.13442
67.695
69.26022
68.85287
67.80512
68.07613
68.01835
67.7038
67.64115
67.73779
67.49934
67.31514
68.08995
68.19859
67.70745
68.64283
67.42042
68.08414
67.57914
66.6447
67.8314
67.92816
67.66811
68.01579
68.27381
67.95941
68.37669
67.99597
67.76646
67.38215
68.06693
67.38416
68.37878
66.90655
67.66831
67.61349
66.93977
67.68431
67.24864
66.21776
71.13845
66.23927
66.79457
67.4812
67.12557
67.76621
66.75533
67.03807
66.15442
67.14147
67.31197
67.10379
66.82533
66.57131
67.15189
67.07255
67.34497
67.40407
65.82921
67.53053
67.36205
67.69473
67.76569
67.6507
63.05233
69.84459
69.14611
69.9941
70.22501
73.91011
75.96678
76.68077
79.42172
81.31702
82.17502
83.03632
86.66359
93.44494
94.40802
91.67426
95.25787
98.08277
105.7018
100.7562
106.8576
103.0034
105.6691
108.1538
109.5126
110.4892
111.2818
111.0879
112.3231
110.1589
109.6393
113.4682
113.1985
111.1468
111.2724
112.881
112.4297
112.5008
113.4494
112.8427
113.2563
113.124
113.4636
112.302
111.1604
109.7499
107.2823
105.1713
101.2239
102.5231
97.46343
98.57204
95.08515
91.13906
87.85302
86.48219
84.20047
80.46489
82.47735
80.23967
77.62073
75.38403
76.68362
77.03859
74.83778
74.01519
70.79088
66.65611
71.43779
69.86574
69.37792
69.08486
67.08339
65.72462
67.56926
66.91937
66.57011
65.8557
64.24813
65.37643
64.02349
65.12772
64.23148
63.376
63.78244
63.82815
61.90464
62.97711
63.26953
63.73382
61.79326
63.16443
63.30454
63.10831
63.57515
63.25691
64.32872
65.13922
65.52437