95.24456
95.29427
94.17595
94.76573
94.91886
94.81314
94.98895
95.02713
94.065
94.7416
94.92186
94.80347
94.84142
94.78687
95.19783
95.40446
95.30519
95.44268
95.74192
95.76939
96.16778
96.43154
96.5277
96.90739
95.9366
96.99073
97.10315
96.87224
97.06104
97.71991
98.03263
98.26972
98.57582
99.07509
99.00013
98.96278
99.18992
99.23575
99.39499
99.43286
100.3956
99.18624
100.2183
100.7984
100.8044
101.1762
100.0753
101.0685
100.9763
101.3815
101.1376
101.0427
100.95
100.8741
100.6165
100.929
100.6985
100.7047
100.4713
100.362
100.0021
100.2661
99.71446
99.48711
99.42514
98.97392
98.89228
98.82335
98.77964
98.01177
97.84079
97.08655
97.62546
97.47114
96.96825
96.79046
96.38072
96.42786
96.02611
96.44321
95.69294
95.61118
95.28938
94.99275
94.96864
94.99607
94.8354
94.73535
94.90627
94.76047
94.09547
95.13834
94.81924
94.92558
94.68795
94.82105
94.88433
94.8357
95.26057
95.2829
95.32508
95.23882
95.39853
95.54409
95.78698
96.20806
96.25488
96.69651
96.71277
97.18436
97.20187
97.71991
98.09763
98.17122
98.42602
98.23331
98.7375
98.74901
99.06742
98.88799
98.97068
99.51232
99.78884
100.2395
100.2543
99.9556
99.94476
100.5236
99.78962
100.7097
100.1351
100.6969
100.7198
100.836
100.7913
100.5297
100.9157
100.5595
100.7352
100.988
100.9616
100.7435
100.8182
100.4006
100.137
100.2327
100.5259
100.3377
100.1367
99.6153
99.89059
99.65564
99.35733
98.95896
98.94572
98.19921
98.5083
98.10529
97.88984
97.74988
96.59537
96.87631
96.70613
97.04533
96.5969
95.70181
96.15663
95.92256
96.28614
96.14237
96.40929