116.6379
116.8837
116.8485
116.7152
116.7622
116.6489
116.4765
116.7145
117.07
116.8947
116.4931
116.7215
116.8508
116.8862
116.7623
116.9682
116.6599
116.8341
117.0161
116.3881
116.7387
116.8212
116.6378
116.9916
116.8332
116.7503
116.9246
116.7391
116.7998
116.7163
116.779
116.7895
116.8025
116.9877
117.3685
116.6716
117.0194
116.7661
116.5988
116.565
116.6772
116.8785
116.476
116.7221
116.908
116.5762
116.9244
116.7878
116.9192
116.4364
116.9201
116.7053
116.8057
116.9187
116.666
117.085
116.8949
116.6993
116.4041
116.3327
116.4976
116.8845
116.912
116.6936
116.4137
116.7567
117.1676
116.8729
116.8788
117.0146
116.5762
116.7053
116.7948
116.5871
116.5037
116.5983
116.537
116.7835
116.6548
116.0322
116.7549
117.0071
116.5314
116.8658
115.9842
116.7604
116.6714
117.3409
116.565
116.6831
116.744
116.7895
116.9814
116.6154
116.8918
116.925
116.9879
116.5427
116.9546
116.8733
116.8878
116.7101
116.5818
116.5313
116.6871
116.8115
116.9867
116.9406
116.773
116.2428
117.0406
116.5818
116.6325
117.2044
116.5818
116.1925
116.5201
117.041
116.5035
116.8671
116.6882
116.8897
116.6772
116.6324
116.7101
116.6831
116.8456
116.3381
116.5987
116.7835
116.6483
116.7056
116.232
116.9382
116.6881
117.0122
116.9294
116.9127
116.8297
116.8097
116.9184
116.6372
116.8278
116.8639
116.7897
116.5371
117.0253
116.7789
116.4369
116.6998
116.9203
116.4483
117.0708
116.7549
116.9464
116.7171
116.649
116.7683
116.6043
116.7706
117.2729
117.2395
116.6096
116.6379
116.8685
115.8238
116.8519
116.6491
117.3545
116.5537
116.807
116.5092
116.79
116.0391
116.5763
116.5594
116.8109
117.0646
116.5482
115.9324
116.7906
116.9557
116.8164
116.928
117.3081
116.8116
117.0944
116.6709
116.7991
116.5426
116.8733
117.0496
116.3553
116.8408
117.0638
116.903
116.5372
116.7668
116.6545
116.8233
116.7848
117.0867
116.5427
117.0562
116.6154
116.9812
117.2717
116.5482
117.0388
117.1519
116.6607
116.5817
116.8665
116.1986
116.342
116.8715
116.5987
116.6709
116.7485
117.0765
116.7393
116.8382
116.4146
116.6709
117.0071
116.7004
116.9345
116.7505
116.768
117.08
116.9343
117.0076
116.8114
116.8596
115.8553
116.9057
117.1583
116.6371
116.9338
116.4757
116.716
116.8111
116.9755
116.5874
117.0095
116.5312
116.4378
117.3099
116.9533
116.8515
116.8824
117.1133
117.3808
116.8452
116.688
116.5481
116.5706
116.6882
116.689
116.6381
116.4922
116.8127
116.6152
116.6098
116.7448
116.5986
116.8115
116.7775
116.6157
117.2549
116.9745
115.8629
116.6813
116.8016
116.5537
116.746
116.7336
116.9069
116.9328
116.7218
117.2727
116.6433
116.6212
116.2938
116.8277
117.0159
116.604
116.9287
116.8527
116.5817
116.565
117.4175
116.2858
116.749
117.1717
116.632
117.096
116.7618
117.1375
117.0023
117.201
117.0489
116.0282
117.0358
116.7558
116.7387
116.5874
116.4915
117.1747
116.6489
116.8508
116.8045
116.6442
116.7899
116.6045
116.5818
116.5594
116.9173
116.6266
116.5594
116.8483
115.9909
116.7055
116.8562
117.0675
116.6548
116.071
116.9155
116.7855
116.4468
116.4426
116.906
116.8178
116.5931
117.077
116.1303
116.8498
116.3685
116.4646
116.8918
117.1319
117.1439
116.983
116.8629
116.5984
116.7727
117.0401
116.9292
116.8392
116.97
116.5538
116.2333
116.5817
116.7843
116.5762
116.7107
116.795
116.1149
116.9017
116.8341
116.6154
116.8799
115.8951
116.492
117.1756
116.626
116.6266
116.8445
116.5426
116.3438
116.9893
116.934
116.4694
116.5818
116.4646
116.9047
117.3056
116.9643
116.7761
116.6377
116.7787
117.4953
116.9977
116.806
116.4978
116.7911
116.8738
116.6655
116.5817
116.4808
116.7216
116.7552
116.3053
116.6654
116.476
116.6321
117.0303
116.6549
116.8911
116.1159
116.8002
116.8123
117.0351
116.7039
116.835
116.5594
116.6889
116.8619
116.9885
116.329
117.0683
116.7829
116.2187
116.7819
116.9708
116.6778
116.3365
116.8688
117.0146
116.7821
116.7567
116.8851
116.838
116.6045
116.4488
117.0586
116.1795
116.6606
116.7219
116.7164
116.4981
116.2085
117.1226
116.7041
116.7222
