 18164
 18068
 18168
 18112
 18028
 18012
 18096
 18172
 17940
 18020
 18076
 18060
 18080
 18072
 18024
 18092
 18016
 18144
 18060
 18044
 18124
 18100
 18096
 17996
 18156
 17980
 18008
 17952
 18108
 18132
 18096
 17976
 18004
 18252
 18128
 17992
 18056
 18164
 19824
 18552
 17392
 17928
 16932
 19136
 17608
 16468
 17648
 18072
 18024
 18100
 18208
 18216
 17976
 18672
 18928
 18064
 18180
 18064
 18076
 18144
 18156
 18116
 18196
 18336
 17976
 18104
 18304
 18196
 18644
 17972
 17952
 17772
 17868
 17592
 17804
 17668
 17504
 17632
 17472
 17380
 17384
 17464
 17312
 17284
 17200
 17040
 17256
 17320
 17008
 17056
 17104
 16836
 16792
 16752
 16648
 16760
 16736
 16940
 16784
 16632
 16556
 16204
 15876
 15844
 16132
 15992
 16044
 16292
 15904
 16240
 15684
 15688
 15668
 15748
 15508
 15732
 15176
 15428
 15504
 15160
 14984
 14960
 14724
 14676
 15048
 14876
 14812
 14976
 14688
 14684
 14556
 14212
 14380
 14288
 14432
 14312
 14280
 14132
 14012
 14320
 14140
 13800
 13668
 13652
 13584
 13712
 13232
 13444
 13028
 12876
 13136
 13208
 13172
 12908
 12664
 13092
 12844
 12640
 12748
 12488
 12060
 13108
 12136
 11964
 11888
 11452
 11640
 11876
 11396
 11556
 11624
 10980
 11004
 11488
 11264
 10732
 10784
 10932
  9792
 10520
  9988
 10212
 10092
  9672
  9880
  9956
  9672
  9532
  9656
  9348
  8540